25
0 1 -0.000527659 9.79682e-05 0.00982233
0.000527658 1 1.38021e-05 -0.0571081
-9.79755e-05 -1.37504e-05 1 -0.769115
1 0.999722 0.0132898 -0.0194701 0.0118868
-0.0134169 0.999889 -0.00640982 -0.0528649
0.0193828 0.00666927 0.99979 -0.767196
2 0.999907 0.00461772 -0.0128026 -0.00810011
-0.00462181 0.999989 -0.000289998 -0.0577669
0.0128011 0.000349143 0.999918 -0.764506
3 0.999956 -0.00704102 -0.00626131 -0.0265648
0.00707262 0.999962 0.00503937 -0.0624823
0.00622559 -0.00508343 0.999968 -0.762111
4 0.999873 0.00161993 -0.0158233 -0.035257
-0.00177399 0.999951 -0.00972722 -0.0513991
0.0158068 0.00975406 0.999827 -0.762509
5 0.999723 0.0207014 -0.01117 0.0179645
-0.0207685 0.999767 -0.00592659 -0.0537476
0.0110447 0.00615694 0.99992 -0.786101
6 0.999494 0.00820549 -0.030725 0.0201414
-0.00793271 0.999928 0.00898964 -0.0663414
0.0307965 -0.00874136 0.999487 -0.78592
7 0.999674 0.00787267 -0.0242999 0.000952457
-0.00822833 0.99986 -0.0145711 -0.048337
0.0241817 0.0147663 0.999599 -0.787013
8 0.999182 0.0151611 -0.0374944 -0.00200569
-0.0152985 0.999877 -0.00338007 -0.0573105
0.0374386 0.00395091 0.999291 -0.785723
9 0.999746 0.00898669 -0.0206736 -0.0303077
-0.00893618 0.999957 0.00253467 -0.0623504
0.0206955 -0.00234928 0.999783 -0.785094
10 0.999343 0.0135323 -0.0336165 0.0362899
-0.0142851 0.99965 -0.0222552 -0.0433676
0.0333035 0.0227208 0.999187 -0.806695
11 0.999837 0.0164409 0.00741066 -0.0135153
-0.0163381 0.999772 -0.013721 -0.0505741
-0.00763456 0.0135977 0.999878 -0.805965
12 0.999881 0.0152591 -0.00236692 -0.0197171
-0.015278 0.99985 -0.00819667 -0.0550816
0.00224149 0.00823185 0.999964 -0.805358
13 0.999937 0.0112362 -0.000821495 -0.0343059
-0.0112531 0.99963 -0.0247487 -0.0429035
0.00054311 0.0247563 0.999693 -0.806729
14 0.999713 0.0236842 -0.00364271 -0.0530257
-0.023722 0.999661 -0.0107149 -0.0528631
0.0033877 0.0107983 0.999936 -0.803288
15 0.999254 0.0223075 -0.0315119 0.0322523
-0.0233481 0.999181 -0.0330526 -0.0356528
0.0307487 0.0337637 0.998957 -0.82351
16 0.99941 0.0104948 -0.0327026 0.0175283
-0.0111842 0.999718 -0.02097 -0.0456559
0.0324732 0.0213234 0.999245 -0.81973
17 0.999635 0.0269756 0.00151532 -0.0273973
-0.0269674 0.999623 -0.00519342 -0.0584581
-0.00165485 0.00515066 0.999985 -0.8179
18 0.999713 0.0091499 -0.0221621 -0.0226737
-0.00958785 0.999759 -0.0197362 -0.0478275
0.0219762 0.019943 0.99956 -0.818268
19 0.999836 0.0178726 -0.00277344 -0.0580262
-0.0179293 0.999598 -0.0219562 -0.0453031
0.00237991 0.0220023 0.999755 -0.817882
20 0.99994 0.00953635 -0.00543954 0.011258
-0.00974596 0.999156 -0.0399074 -0.0298429
0.00505438 0.039958 0.999189 -0.837798
21 0.999685 0.0105613 -0.0227881 0.00804142
-0.0110403 0.999719 -0.0210006 -0.04613
0.0225599 0.0212455 0.99952 -0.835811
22 0.999857 0.0168326 -0.00137648 -0.0259314
-0.0168613 0.999557 -0.0245323 -0.043606
0.000962924 0.024552 0.999698 -0.835705
23 0.999922 0.000927544 -0.0124489 -0.0322289
-0.00128306 0.999591 -0.0285808 -0.0414043
0.0124173 0.0285945 0.999514 -0.834351
24 0.999846 0.00462471 -0.0169291 -0.0468714
-0.00459637 0.999988 0.00171302 -0.0658885
0.0169368 -0.00163494 0.999855 -0.83292
