25
0 0.999998 -0.000681437 0.00200286 13.5599
0.000681029 1 0.000204489 3.72265
-0.002003 -0.000203124 0.999998 94.5337
1 0.999977 0.00389278 0.00557673 10.5704
-0.00395851 0.999922 0.0118249 4.68372
-0.00553027 -0.0118467 0.999915 94.9872
2 0.999944 -0.00936251 -0.00494251 6.14182
0.00941097 0.999907 0.00987523 4.40411
0.0048496 -0.00992119 0.999939 95.38
3 0.999995 0.000800102 -0.00296423 3.00033
-0.00080646 0.999997 -0.00214425 3.13366
0.00296251 0.00214663 0.999993 95.3011
4 0.999857 0.00333831 -0.0165781 -1.88198
-0.00339287 0.999989 -0.0032641 3.11107
0.016567 0.00331988 0.999857 95.3718
5 0.999987 0.00513836 -0.000415133 12.5641
-0.00513036 0.999835 0.0174005 4.94146
0.000504475 -0.0173981 0.999849 88.7109
6 0.99974 0.00831168 -0.021216 6.87902
-0.00780082 0.99968 0.0240492 5.36617
0.0214091 -0.0238775 0.999486 89.3658
7 0.999978 -0.00576437 0.00334395 5.69983
0.00568948 0.999742 0.0219881 5.19437
-0.00346984 -0.0219686 0.999753 89.9198
8 0.999915 -0.00436184 -0.0122575 0.493388
0.00447789 0.999945 0.0094555 4.02495
0.0122156 -0.00950959 0.99988 90.0336
9 0.999768 -0.00757538 -0.0201475 -3.13592
0.00768315 0.999957 0.0052769 3.68208
0.0201067 -0.00543048 0.999783 90.0174
10 0.999883 0.00892956 -0.0124261 11.2637
-0.00891222 0.999959 0.00145054 3.15138
0.0124386 -0.00133963 0.999922 84.0173
11 0.998876 0.00473166 -0.0471689 5.26275
-0.00503767 0.999967 -0.00637072 2.36719
0.0471372 0.00660118 0.998867 84.3481
12 0.999058 0.00700666 -0.0428232 2.63233
-0.00662494 0.999937 0.0090494 3.6512
0.042884 -0.00875718 0.999042 84.7899
13 0.99905 -0.00330611 -0.0434422 -0.733805
0.00452196 0.9996 0.0279193 5.23533
0.0433325 -0.0280892 0.998666 84.7132
14 0.999348 -0.0084586 -0.0350951 -3.22473
0.00929096 0.999678 0.0236224 4.92631
0.0348839 -0.023933 0.999105 84.469
15 0.999996 -0.002476 0.00142681 12.3442
0.00243623 0.999626 0.0272282 5.2255
-0.0014937 -0.0272246 0.999628 80.5999
16 0.998907 0.0208575 -0.0418399 5.18994
-0.0204874 0.999747 0.00925591 3.41133
0.0420224 -0.0083886 0.999081 81.2283
17 0.999463 0.00512499 -0.0323585 2.78388
-0.00519489 0.999984 -0.00207649 2.43772
0.0323473 0.00224348 0.999474 81.1892
18 0.999908 0.0119002 -0.00650318 1.84492
-0.0118564 0.999907 0.00673507 3.23092
0.00658272 -0.00665735 0.999956 81.417
19 0.999831 0.00945842 -0.0157522 -2.34477
-0.00934752 0.999931 0.00709939 3.36085
0.0158183 -0.00695095 0.999851 81.4994
20 0.998517 0.0118926 -0.0531273 8.59603
-0.0116512 0.99992 0.00485179 3.03671
0.0531807 -0.0042256 0.998576 77.2499
21 0.998748 0.00312711 -0.0499167 6.27411
-0.00374898 0.999916 -0.0123694 1.61528
0.0498739 0.0125411 0.998677 76.8836
22 0.998159 0.00973752 -0.0598582 2.83566
-0.00963663 0.999952 0.00197392 2.64889
0.0598745 -0.00139345 0.998205 77.1481
23 0.999931 -0.00382147 -0.011121 3.41581
0.0038929 0.999972 0.00640892 2.92552
0.0110962 -0.00645177 0.999918 76.6853
24 0.999387 -0.00117203 -0.0350013 -2.46397
0.00138237 0.999981 0.00598564 2.89993
0.0349936 -0.00603035 0.999369 76.6395
