25
0 1 -0.000198702 0.000679828 4.61737
0.000198607 1 0.000139247 1.37448
-0.000679855 -0.000139111 1 82.0487
1 0.999937 -0.00842884 0.00742316 3.15897
0.00850706 0.999908 -0.0105699 0.52052
-0.00733339 0.0106324 0.999917 81.8549
2 0.998958 -0.0165368 0.0425389 4.02326
0.0171976 0.999736 -0.0152164 0.155915
-0.0422761 0.0159322 0.998979 81.6869
3 0.999878 -0.0141012 0.00679134 -1.43091
0.0141616 0.99986 -0.00892905 0.656706
-0.00666448 0.00902413 0.999937 81.6396
4 0.99917 -0.00614063 0.0402775 -1.27493
0.00632234 0.99997 -0.00438565 0.983288
-0.0402494 0.00463665 0.999179 81.7209
5 0.999909 -0.00253796 0.0132438 5.98908
0.00251165 0.999995 0.00200244 1.27323
-0.0132488 -0.001969 0.99991 78.8438
6 0.999936 0.000971797 -0.0112973 2.29142
-0.000888427 0.999972 0.00738228 1.70063
0.0113042 -0.00737177 0.999909 78.9065
7 0.999966 -0.0041154 0.00718447 1.65019
0.00416845 0.999964 -0.00738485 0.549658
-0.00715382 0.00741455 0.999947 78.7755
8 0.999933 0.00817412 0.00824103 -0.869814
-0.00822348 0.999948 0.00597327 1.69473
-0.00819178 -0.00604064 0.999948 78.7743
9 0.999402 -0.00349748 0.0344016 -1.57018
0.0033442 0.999984 0.00451226 1.55998
-0.0344168 -0.00439451 0.999398 79.0857
10 0.999948 0.000399306 0.010146 7.19935
-0.000485828 0.999964 0.00852661 1.48154
-0.0101423 -0.0085311 0.999912 75.475
11 0.999559 0.000853969 -0.0296739 1.21344
-0.000765316 0.999995 0.00299879 1.10046
0.0296763 -0.00297476 0.999555 75.5975
12 0.999941 -0.00958339 0.00510917 1.93325
0.0094948 0.999809 0.0170897 2.2367
-0.00527197 -0.0170402 0.999841 75.236
13 0.999985 -0.00505961 -0.00206954 -0.780481
0.00507647 0.999953 0.00822437 1.59917
0.00202783 -0.00823475 0.999964 74.7765
14 0.999984 0.00300921 -0.0047046 -3.62959
-0.00299393 0.99999 0.00325187 1.2219
0.00471434 -0.00323773 0.999984 74.6053
15 0.999947 -0.00750043 -0.00706998 6.22092
0.00774317 0.999359 0.0349572 3.11806
0.00680326 -0.0350101 0.999364 71.5181
16 0.999403 -0.0114485 -0.0326058 2.07778
0.0116656 0.999911 0.00647449 1.05384
0.0325288 -0.00685098 0.999447 71.2059
17 0.999683 -0.0150251 -0.0202262 0.432415
0.0151375 0.999871 0.00541232 0.99053
0.0201422 -0.00571677 0.999781 70.875
18 0.999665 -0.0256862 0.00315502 -0.397317
0.0257023 0.999656 -0.00516849 0.177816
-0.00302118 0.00524785 0.999982 70.3865
19 0.999987 0.000262136 0.00500378 -3.03968
-0.000273201 0.999998 0.00221076 0.697822
-0.00500319 -0.0022121 0.999985 70.0698
20 0.999972 -0.00737327 -0.00137796 6.76775
0.00736931 0.999969 -0.00285564 0.128172
0.00139898 0.00284541 0.999995 67.4879
21 0.999103 -0.0105404 -0.0410155 1.47084
0.010926 0.999898 0.00918806 0.91697
0.0409145 -0.00962795 0.999116 67.1291
22 0.99912 -0.0108588 -0.0405036 -0.480015
0.0105617 0.999916 -0.0075417 -0.20619
0.0405821 0.00710727 0.999151 66.7839
23 0.999529 -0.00408108 -0.0304071 -2.15518
0.00398314 0.999987 -0.00328076 0.0725605
0.0304201 0.0031581 0.999532 66.2824
24 0.999943 0.00189294 -0.0105446 -3.2023
-0.00201971 0.999926 -0.0120247 -0.522911
0.0105211 0.0120453 0.999872 65.9078
